{
    "test_datasets": [
        {
            "path": "/home/nas_main/taewoongkang/dohyeon/Exo-to-Ego/Ego-Renderer-from-ViPE/inthewild_dataset/videos_49_crop16_downsampled/joker.mp4",
            "ego_prior_path": "/home/nas_main/taewoongkang/dohyeon/Exo-to-Ego/Ego-Renderer-from-ViPE/inthewild_dataset/ego_prior_videos/joker.mp4",
            "vipe_path": "/home/nas_main/taewoongkang/dohyeon/Exo-to-Ego/Ego-Renderer-from-ViPE/vipe_results/joker_moge_static_vda_fixedcam_slammap",
            "best_camera": "none",
            "source_frame_start": 0,
            "source_frame_end": 48,
            "camera_intrinsics": [
                [
                    634.47327,
                    0.0,
                    392.0
                ],
                [
                    0.0,
                    634.4733,
                    224.0
                ],
                [
                    0.0,
                    0.0,
                    1.0
                ]
            ],
            "camera_extrinsics": [
                [
                    1.0,
                    0.0,
                    0.0,
                    0.0
                ],
                [
                    0.0,
                    1.0,
                    0.0,
                    0.0
                ],
                [
                    0.0,
                    0.0,
                    1.0,
                    0.0
                ]
            ],
            "ego_intrinsics": [
                [
                    150.0,
                    0.0,
                    255.5
                ],
                [
                    0.0,
                    150.0,
                    255.5
                ],
                [
                    0.0,
                    0.0,
                    1.0
                ]
            ],
            "ego_extrinsics": [
                [
                    [
                        0.6263,
                        0.7788,
                        -0.0336,
                        0.3432
                    ],
                    [
                        -0.0557,
                        0.0018,
                        -0.9984,
                        2.3936
                    ],
                    [
                        -0.7776,
                        0.6272,
                        0.0445,
                        0.1299
                    ]
                ],
                [
                    [
                        0.6263,
                        0.7788,
                        -0.0336,
                        0.3432
                    ],
                    [
                        -0.0557,
                        0.0018,
                        -0.9984,
                        2.3936
                    ],
                    [
                        -0.7776,
                        0.6272,
                        0.0445,
                        0.1299
                    ]
                ],
                [
                    [
                        0.6263,
                        0.7788,
                        -0.0336,
                        0.3432
                    ],
                    [
                        -0.0557,
                        0.0018,
                        -0.9984,
                        2.3936
                    ],
                    [
                        -0.7776,
                        0.6272,
                        0.0445,
                        0.1299
                    ]
                ],
                [
                    [
                        0.6263,
                        0.7788,
                        -0.0336,
                        0.3432
                    ],
                    [
                        -0.0557,
                        0.0018,
                        -0.9984,
                        2.3936
                    ],
                    [
                        -0.7776,
                        0.6272,
                        0.0445,
                        0.1299
                    ]
                ],
                [
                    [
                        0.6263,
                        0.7788,
                        -0.0336,
                        0.3432
                    ],
                    [
                        -0.0557,
                        0.0018,
                        -0.9984,
                        2.3936
                    ],
                    [
                        -0.7776,
                        0.6272,
                        0.0445,
                        0.1299
                    ]
                ],
                [
                    [
                        0.6263,
                        0.7788,
                        -0.0336,
                        0.3432
                    ],
                    [
                        -0.0557,
                        0.0018,
                        -0.9984,
                        2.3936
                    ],
                    [
                        -0.7776,
                        0.6272,
                        0.0445,
                        0.1299
                    ]
                ],
                [
                    [
                        0.6263,
                        0.7788,
                        -0.0336,
                        0.3432
                    ],
                    [
                        -0.0557,
                        0.0018,
                        -0.9984,
                        2.3936
                    ],
                    [
                        -0.7776,
                        0.6272,
                        0.0445,
                        0.1299
                    ]
                ],
                [
                    [
                        0.6263,
                        0.7788,
                        -0.0336,
                        0.3432
                    ],
                    [
                        -0.0557,
                        0.0018,
                        -0.9984,
                        2.3936
                    ],
                    [
                        -0.7776,
                        0.6272,
                        0.0445,
                        0.1299
                    ]
                ],
                [
                    [
                        0.6263,
                        0.7788,
                        -0.0336,
                        0.3432
                    ],
                    [
                        -0.0557,
                        0.0018,
                        -0.9984,
                        2.3936
                    ],
                    [
                        -0.7776,
                        0.6272,
                        0.0445,
                        0.1299
                    ]
                ],
                [
                    [
                        0.6263,
                        0.7788,
                        -0.0336,
                        0.3432
                    ],
                    [
                        -0.0557,
                        0.0018,
                        -0.9984,
                        2.3936
                    ],
                    [
                        -0.7776,
                        0.6272,
                        0.0445,
                        0.1299
                    ]
                ],
                [
                    [
                        0.6263,
                        0.7788,
                        -0.0336,
                        0.3432
                    ],
                    [
                        -0.0557,
                        0.0018,
                        -0.9984,
                        2.3936
                    ],
                    [
                        -0.7776,
                        0.6272,
                        0.0445,
                        0.1299
                    ]
                ],
                [
                    [
                        0.6263,
                        0.7788,
                        -0.0336,
                        0.3432
                    ],
                    [
                        -0.0557,
                        0.0018,
                        -0.9984,
                        2.3936
                    ],
                    [
                        -0.7776,
                        0.6272,
                        0.0445,
                        0.1299
                    ]
                ],
                [
                    [
                        0.6263,
                        0.7788,
                        -0.0336,
                        0.3432
                    ],
                    [
                        -0.0557,
                        0.0018,
                        -0.9984,
                        2.3936
                    ],
                    [
                        -0.7776,
                        0.6272,
                        0.0445,
                        0.1299
                    ]
                ],
                [
                    [
                        0.6263,
                        0.7788,
                        -0.0336,
                        0.3432
                    ],
                    [
                        -0.0557,
                        0.0018,
                        -0.9984,
                        2.3936
                    ],
                    [
                        -0.7776,
                        0.6272,
                        0.0445,
                        0.1299
                    ]
                ],
                [
                    [
                        0.6263,
                        0.7788,
                        -0.0336,
                        0.3432
                    ],
                    [
                        -0.0557,
                        0.0018,
                        -0.9984,
                        2.3936
                    ],
                    [
                        -0.7776,
                        0.6272,
                        0.0445,
                        0.1299
                    ]
                ],
                [
                    [
                        0.6263,
                        0.7788,
                        -0.0336,
                        0.3432
                    ],
                    [
                        -0.0557,
                        0.0018,
                        -0.9984,
                        2.3936
                    ],
                    [
                        -0.7776,
                        0.6272,
                        0.0445,
                        0.1299
                    ]
                ],
                [
                    [
                        0.6263,
                        0.7788,
                        -0.0336,
                        0.3432
                    ],
                    [
                        -0.0557,
                        0.0018,
                        -0.9984,
                        2.3936
                    ],
                    [
                        -0.7776,
                        0.6272,
                        0.0445,
                        0.1299
                    ]
                ],
                [
                    [
                        0.6263,
                        0.7788,
                        -0.0336,
                        0.3432
                    ],
                    [
                        -0.0557,
                        0.0018,
                        -0.9984,
                        2.3936
                    ],
                    [
                        -0.7776,
                        0.6272,
                        0.0445,
                        0.1299
                    ]
                ],
                [
                    [
                        0.6263,
                        0.7788,
                        -0.0336,
                        0.3432
                    ],
                    [
                        -0.0557,
                        0.0018,
                        -0.9984,
                        2.3936
                    ],
                    [
                        -0.7776,
                        0.6272,
                        0.0445,
                        0.1299
                    ]
                ],
                [
                    [
                        0.6263,
                        0.7788,
                        -0.0336,
                        0.3432
                    ],
                    [
                        -0.0557,
                        0.0018,
                        -0.9984,
                        2.3936
                    ],
                    [
                        -0.7776,
                        0.6272,
                        0.0445,
                        0.1299
                    ]
                ],
                [
                    [
                        0.6263,
                        0.7788,
                        -0.0336,
                        0.3432
                    ],
                    [
                        -0.0557,
                        0.0018,
                        -0.9984,
                        2.3936
                    ],
                    [
                        -0.7776,
                        0.6272,
                        0.0445,
                        0.1299
                    ]
                ],
                [
                    [
                        0.6263,
                        0.7788,
                        -0.0336,
                        0.3432
                    ],
                    [
                        -0.0557,
                        0.0018,
                        -0.9984,
                        2.3936
                    ],
                    [
                        -0.7776,
                        0.6272,
                        0.0445,
                        0.1299
                    ]
                ],
                [
                    [
                        0.5937,
                        0.797,
                        0.1108,
                        0.0105
                    ],
                    [
                        0.1835,
                        -0.0,
                        -0.983,
                        2.3119
                    ],
                    [
                        -0.7835,
                        0.604,
                        -0.1463,
                        0.5908
                    ]
                ],
                [
                    [
                        0.6263,
                        0.7788,
                        -0.0336,
                        0.3432
                    ],
                    [
                        -0.0557,
                        0.0018,
                        -0.9984,
                        2.3936
                    ],
                    [
                        -0.7776,
                        0.6272,
                        0.0445,
                        0.1299
                    ]
                ],
                [
                    [
                        0.6263,
                        0.7788,
                        -0.0336,
                        0.3432
                    ],
                    [
                        -0.0557,
                        0.0018,
                        -0.9984,
                        2.3936
                    ],
                    [
                        -0.7776,
                        0.6272,
                        0.0445,
                        0.1299
                    ]
                ],
                [
                    [
                        0.6263,
                        0.7788,
                        -0.0336,
                        0.3432
                    ],
                    [
                        -0.0557,
                        0.0018,
                        -0.9984,
                        2.3936
                    ],
                    [
                        -0.7776,
                        0.6272,
                        0.0445,
                        0.1299
                    ]
                ],
                [
                    [
                        0.6263,
                        0.7788,
                        -0.0336,
                        0.3432
                    ],
                    [
                        -0.0557,
                        0.0018,
                        -0.9984,
                        2.3936
                    ],
                    [
                        -0.7776,
                        0.6272,
                        0.0445,
                        0.1299
                    ]
                ],
                [
                    [
                        0.6263,
                        0.7788,
                        -0.0336,
                        0.3432
                    ],
                    [
                        -0.0557,
                        0.0018,
                        -0.9984,
                        2.3936
                    ],
                    [
                        -0.7776,
                        0.6272,
                        0.0445,
                        0.1299
                    ]
                ],
                [
                    [
                        0.6263,
                        0.7788,
                        -0.0336,
                        0.3432
                    ],
                    [
                        -0.0557,
                        0.0018,
                        -0.9984,
                        2.3936
                    ],
                    [
                        -0.7776,
                        0.6272,
                        0.0445,
                        0.1299
                    ]
                ],
                [
                    [
                        0.6263,
                        0.7788,
                        -0.0336,
                        0.3432
                    ],
                    [
                        -0.0557,
                        0.0018,
                        -0.9984,
                        2.3936
                    ],
                    [
                        -0.7776,
                        0.6272,
                        0.0445,
                        0.1299
                    ]
                ],
                [
                    [
                        0.6263,
                        0.7788,
                        -0.0336,
                        0.3432
                    ],
                    [
                        -0.0557,
                        0.0018,
                        -0.9984,
                        2.3936
                    ],
                    [
                        -0.7776,
                        0.6272,
                        0.0445,
                        0.1299
                    ]
                ],
                [
                    [
                        0.6263,
                        0.7788,
                        -0.0336,
                        0.3432
                    ],
                    [
                        -0.0557,
                        0.0018,
                        -0.9984,
                        2.3936
                    ],
                    [
                        -0.7776,
                        0.6272,
                        0.0445,
                        0.1299
                    ]
                ],
                [
                    [
                        0.6263,
                        0.7788,
                        -0.0336,
                        0.3432
                    ],
                    [
                        -0.0557,
                        0.0018,
                        -0.9984,
                        2.3936
                    ],
                    [
                        -0.7776,
                        0.6272,
                        0.0445,
                        0.1299
                    ]
                ],
                [
                    [
                        0.579,
                        0.8148,
                        -0.0296,
                        0.3616
                    ],
                    [
                        -0.0725,
                        0.0153,
                        -0.9973,
                        2.3958
                    ],
                    [
                        -0.8121,
                        0.5795,
                        0.0679,
                        0.0681
                    ]
                ],
                [
                    [
                        0.5504,
                        0.8345,
                        -0.0268,
                        0.3754
                    ],
                    [
                        -0.0807,
                        0.0212,
                        -0.9965,
                        2.3915
                    ],
                    [
                        -0.831,
                        0.5506,
                        0.079,
                        0.0313
                    ]
                ],
                [
                    [
                        0.5504,
                        0.8345,
                        -0.0268,
                        0.3754
                    ],
                    [
                        -0.2379,
                        0.126,
                        -0.9631,
                        2.3534
                    ],
                    [
                        -0.8003,
                        0.5365,
                        0.2679,
                        -0.4261
                    ]
                ],
                [
                    [
                        0.4363,
                        0.8994,
                        0.0271,
                        0.2731
                    ],
                    [
                        -0.3852,
                        0.2139,
                        -0.8977,
                        2.2329
                    ],
                    [
                        -0.8132,
                        0.3812,
                        0.4398,
                        -0.8935
                    ]
                ],
                [
                    [
                        0.312,
                        0.936,
                        0.1627,
                        -0.0043
                    ],
                    [
                        -0.714,
                        0.344,
                        -0.6098,
                        1.5967
                    ],
                    [
                        -0.6268,
                        0.0741,
                        0.7757,
                        -1.8443
                    ]
                ],
                [
                    [
                        0.312,
                        0.936,
                        0.1627,
                        0.0035
                    ],
                    [
                        -0.6908,
                        0.3411,
                        -0.6375,
                        1.6362
                    ],
                    [
                        -0.6522,
                        0.0865,
                        0.7531,
                        -1.7862
                    ]
                ],
                [
                    [
                        0.312,
                        0.936,
                        0.1627,
                        0.0035
                    ],
                    [
                        -0.737,
                        0.3465,
                        -0.5803,
                        1.5531
                    ],
                    [
                        -0.5996,
                        0.0612,
                        0.798,
                        -1.9485
                    ]
                ],
                [
                    [
                        0.312,
                        0.936,
                        0.1627,
                        0.0158
                    ],
                    [
                        -0.8657,
                        0.3507,
                        -0.3573,
                        1.0545
                    ],
                    [
                        -0.3915,
                        -0.0293,
                        0.9197,
                        -2.283
                    ]
                ],
                [
                    [
                        0.312,
                        0.936,
                        0.1627,
                        0.0158
                    ],
                    [
                        -0.8657,
                        0.3507,
                        -0.3573,
                        1.0545
                    ],
                    [
                        -0.3915,
                        -0.0293,
                        0.9197,
                        -2.283
                    ]
                ],
                [
                    [
                        0.312,
                        0.936,
                        0.1627,
                        0.0158
                    ],
                    [
                        -0.8657,
                        0.3507,
                        -0.3573,
                        1.0545
                    ],
                    [
                        -0.3915,
                        -0.0293,
                        0.9197,
                        -2.283
                    ]
                ],
                [
                    [
                        0.312,
                        0.936,
                        0.1627,
                        0.0129
                    ],
                    [
                        -0.8657,
                        0.3507,
                        -0.3573,
                        1.0636
                    ],
                    [
                        -0.3915,
                        -0.0293,
                        0.9197,
                        -2.283
                    ]
                ],
                [
                    [
                        0.312,
                        0.936,
                        0.1627,
                        0.008
                    ],
                    [
                        -0.8657,
                        0.3507,
                        -0.3573,
                        1.076
                    ],
                    [
                        -0.3915,
                        -0.0293,
                        0.9197,
                        -2.283
                    ]
                ],
                [
                    [
                        0.312,
                        0.936,
                        0.1627,
                        0.016
                    ],
                    [
                        -0.8657,
                        0.3507,
                        -0.3573,
                        1.0849
                    ],
                    [
                        -0.3915,
                        -0.0293,
                        0.9197,
                        -2.2638
                    ]
                ],
                [
                    [
                        0.312,
                        0.936,
                        0.1627,
                        0.016
                    ],
                    [
                        -0.8657,
                        0.3507,
                        -0.3573,
                        1.0849
                    ],
                    [
                        -0.3915,
                        -0.0293,
                        0.9197,
                        -2.2557
                    ]
                ],
                [
                    [
                        0.312,
                        0.936,
                        0.1627,
                        0.016
                    ],
                    [
                        -0.8657,
                        0.3507,
                        -0.3573,
                        1.0849
                    ],
                    [
                        -0.3915,
                        -0.0293,
                        0.9197,
                        -2.2494
                    ]
                ],
                [
                    [
                        0.312,
                        0.936,
                        0.1627,
                        0.016
                    ],
                    [
                        -0.8657,
                        0.3507,
                        -0.3573,
                        1.0849
                    ],
                    [
                        -0.3915,
                        -0.0293,
                        0.9197,
                        -2.2494
                    ]
                ]
            ]
        },
        {
            "path": "/home/nas_main/taewoongkang/dohyeon/Exo-to-Ego/Ego-Renderer-from-ViPE/inthewild_dataset/videos_49_crop16_downsampled/ironman.mp4",
            "ego_prior_path": "/home/nas_main/taewoongkang/dohyeon/Exo-to-Ego/Ego-Renderer-from-ViPE/inthewild_dataset/ego_prior_videos/ironman.mp4",
            "vipe_path": "/home/nas_main/taewoongkang/dohyeon/Exo-to-Ego/Ego-Renderer-from-ViPE/vipe_results/ironman_moge_static_vda_fixedcam_slammap",
            "best_camera": "none",
            "source_frame_start": 0,
            "source_frame_end": 48,
            "camera_intrinsics": [
                [
                    778.53,
                    0.0,
                    392.0
                ],
                [
                    0.0,
                    778.53,
                    224.0
                ],
                [
                    0.0,
                    0.0,
                    1.0
                ]
            ],
            "camera_extrinsics": [
                [
                    1.0,
                    0.0,
                    0.0,
                    0.0
                ],
                [
                    0.0,
                    1.0,
                    0.0,
                    0.0
                ],
                [
                    0.0,
                    0.0,
                    1.0,
                    0.0
                ]
            ],
            "ego_intrinsics": [
                [
                    150.0,
                    0.0,
                    255.5
                ],
                [
                    0.0,
                    150.0,
                    255.5
                ],
                [
                    0.0,
                    0.0,
                    1.0
                ]
            ],
            "ego_extrinsics": [
                [
                    [
                        -0.2838,
                        0.7259,
                        0.6265,
                        -0.889
                    ],
                    [
                        0.7454,
                        -0.244,
                        0.6204,
                        -0.8421
                    ],
                    [
                        0.6032,
                        0.643,
                        -0.4718,
                        1.0183
                    ]
                ],
                [
                    [
                        -0.2838,
                        0.7259,
                        0.6265,
                        -0.889
                    ],
                    [
                        0.7454,
                        -0.244,
                        0.6204,
                        -0.8421
                    ],
                    [
                        0.6032,
                        0.643,
                        -0.4718,
                        1.0183
                    ]
                ],
                [
                    [
                        -0.2838,
                        0.7259,
                        0.6265,
                        -0.889
                    ],
                    [
                        0.7454,
                        -0.244,
                        0.6204,
                        -0.8421
                    ],
                    [
                        0.6032,
                        0.643,
                        -0.4718,
                        1.0183
                    ]
                ],
                [
                    [
                        -0.2838,
                        0.7259,
                        0.6265,
                        -0.889
                    ],
                    [
                        0.7454,
                        -0.244,
                        0.6204,
                        -0.8421
                    ],
                    [
                        0.6032,
                        0.643,
                        -0.4718,
                        1.0183
                    ]
                ],
                [
                    [
                        -0.2838,
                        0.7259,
                        0.6265,
                        -0.889
                    ],
                    [
                        0.7454,
                        -0.244,
                        0.6204,
                        -0.8421
                    ],
                    [
                        0.6032,
                        0.643,
                        -0.4718,
                        1.0183
                    ]
                ],
                [
                    [
                        -0.2838,
                        0.7259,
                        0.6265,
                        -0.889
                    ],
                    [
                        0.7454,
                        -0.244,
                        0.6204,
                        -0.8421
                    ],
                    [
                        0.6032,
                        0.643,
                        -0.4718,
                        1.0183
                    ]
                ],
                [
                    [
                        -0.2838,
                        0.7259,
                        0.6265,
                        -0.889
                    ],
                    [
                        0.7454,
                        -0.244,
                        0.6204,
                        -0.8421
                    ],
                    [
                        0.6032,
                        0.643,
                        -0.4718,
                        1.0183
                    ]
                ],
                [
                    [
                        -0.2838,
                        0.7259,
                        0.6265,
                        -0.889
                    ],
                    [
                        0.7454,
                        -0.244,
                        0.6204,
                        -0.8421
                    ],
                    [
                        0.6032,
                        0.643,
                        -0.4718,
                        1.0183
                    ]
                ],
                [
                    [
                        -0.2838,
                        0.7259,
                        0.6265,
                        -0.889
                    ],
                    [
                        0.7454,
                        -0.244,
                        0.6204,
                        -0.8421
                    ],
                    [
                        0.6032,
                        0.643,
                        -0.4718,
                        1.0183
                    ]
                ],
                [
                    [
                        -0.2838,
                        0.7259,
                        0.6265,
                        -0.889
                    ],
                    [
                        0.7454,
                        -0.244,
                        0.6204,
                        -0.8421
                    ],
                    [
                        0.6032,
                        0.643,
                        -0.4718,
                        1.0183
                    ]
                ],
                [
                    [
                        -0.2838,
                        0.7259,
                        0.6265,
                        -0.889
                    ],
                    [
                        0.7454,
                        -0.244,
                        0.6204,
                        -0.8421
                    ],
                    [
                        0.6032,
                        0.643,
                        -0.4718,
                        1.0183
                    ]
                ],
                [
                    [
                        -0.2838,
                        0.7259,
                        0.6265,
                        -0.889
                    ],
                    [
                        0.7454,
                        -0.244,
                        0.6204,
                        -0.8421
                    ],
                    [
                        0.6032,
                        0.643,
                        -0.4718,
                        1.0183
                    ]
                ],
                [
                    [
                        -0.2838,
                        0.7259,
                        0.6265,
                        -0.889
                    ],
                    [
                        0.7454,
                        -0.244,
                        0.6204,
                        -0.8421
                    ],
                    [
                        0.6032,
                        0.643,
                        -0.4718,
                        1.0183
                    ]
                ],
                [
                    [
                        -0.2838,
                        0.7259,
                        0.6265,
                        -0.889
                    ],
                    [
                        0.7454,
                        -0.244,
                        0.6204,
                        -0.8421
                    ],
                    [
                        0.6032,
                        0.643,
                        -0.4718,
                        1.0183
                    ]
                ],
                [
                    [
                        -0.2838,
                        0.7259,
                        0.6265,
                        -0.889
                    ],
                    [
                        0.7454,
                        -0.244,
                        0.6204,
                        -0.8421
                    ],
                    [
                        0.6032,
                        0.643,
                        -0.4718,
                        1.0183
                    ]
                ],
                [
                    [
                        -0.2838,
                        0.7259,
                        0.6265,
                        -0.889
                    ],
                    [
                        0.7454,
                        -0.244,
                        0.6204,
                        -0.8421
                    ],
                    [
                        0.6032,
                        0.643,
                        -0.4718,
                        1.0183
                    ]
                ],
                [
                    [
                        -0.2838,
                        0.7259,
                        0.6265,
                        -0.889
                    ],
